0.000,0.793,0.800,0.751,0.791,0.834,0.830,0.810,0.798,0.682,0.809,0.819,0.728,0.742,0.704,0.769,0.678,0.614,0.704,0.657,0.647,0.664,0.624,0.554,0.578
0.793,0.000,0.790,0.754,0.783,0.821,0.813,0.803,0.789,0.704,0.801,0.797,0.719,0.744,0.719,0.745,0.691,0.611,0.710,0.636,0.629,0.653,0.602,0.559,0.567
0.800,0.790,0.000,0.766,0.803,0.808,0.818,0.826,0.808,0.709,0.788,0.809,0.731,0.760,0.742,0.754,0.693,0.622,0.733,0.655,0.635,0.657,0.625,0.567,0.591
0.751,0.754,0.766,0.000,0.795,0.760,0.783,0.774,0.793,0.702,0.742,0.764,0.704,0.720,0.730,0.698,0.647,0.629,0.682,0.681,0.581,0.610,0.591,0.585,0.568
0.791,0.783,0.803,0.795,0.000,0.778,0.803,0.815,0.814,0.730,0.762,0.801,0.732,0.755,0.737,0.711,0.663,0.600,0.707,0.678,0.568,0.609,0.588,0.548,0.586
0.834,0.821,0.808,0.760,0.778,0.000,0.853,0.843,0.808,0.707,0.869,0.845,0.772,0.788,0.744,0.841,0.728,0.676,0.769,0.704,0.747,0.754,0.698,0.642,0.622
0.830,0.813,0.818,0.783,0.803,0.853,0.000,0.847,0.820,0.719,0.843,0.861,0.774,0.795,0.772,0.823,0.742,0.664,0.788,0.719,0.718,0.742,0.698,0.632,0.648
0.810,0.803,0.826,0.774,0.815,0.843,0.847,0.000,0.820,0.732,0.823,0.851,0.768,0.793,0.760,0.805,0.726,0.662,0.781,0.717,0.699,0.717,0.687,0.632,0.654
0.798,0.789,0.808,0.793,0.814,0.808,0.820,0.820,0.000,0.732,0.787,0.827,0.761,0.788,0.772,0.771,0.705,0.652,0.761,0.703,0.663,0.703,0.671,0.617,0.661
0.682,0.704,0.709,0.702,0.730,0.707,0.719,0.732,0.732,0.000,0.704,0.724,0.674,0.703,0.717,0.676,0.646,0.738,0.685,0.645,0.585,0.629,0.650,0.624,0.605
0.809,0.801,0.788,0.742,0.762,0.869,0.843,0.823,0.787,0.704,0.000,0.853,0.761,0.782,0.768,0.862,0.783,0.685,0.786,0.715,0.804,0.801,0.744,0.675,0.666
0.819,0.797,0.809,0.764,0.801,0.845,0.861,0.851,0.827,0.724,0.853,0.000,0.780,0.811,0.781,0.851,0.770,0.691,0.815,0.740,0.777,0.791,0.748,0.694,0.705
0.728,0.719,0.731,0.704,0.732,0.772,0.774,0.768,0.761,0.674,0.761,0.780,0.000,0.745,0.721,0.774,0.690,0.646,0.746,0.702,0.685,0.720,0.681,0.644,0.660
0.742,0.744,0.760,0.720,0.755,0.788,0.795,0.793,0.788,0.703,0.782,0.811,0.745,0.000,0.767,0.790,0.719,0.667,0.789,0.744,0.714,0.755,0.724,0.668,0.703
0.704,0.719,0.742,0.730,0.737,0.744,0.772,0.760,0.772,0.717,0.768,0.781,0.721,0.767,0.000,0.768,0.726,0.649,0.766,0.743,0.701,0.738,0.726,0.701,0.716
0.769,0.745,0.754,0.698,0.711,0.841,0.823,0.805,0.771,0.676,0.862,0.851,0.774,0.790,0.768,0.000,0.781,0.707,0.799,0.747,0.846,0.852,0.791,0.727,0.736
0.678,0.691,0.693,0.647,0.663,0.728,0.742,0.726,0.705,0.646,0.783,0.770,0.690,0.719,0.726,0.781,0.000,0.637,0.741,0.697,0.818,0.779,0.729,0.683,0.695
0.614,0.611,0.622,0.629,0.600,0.676,0.664,0.662,0.652,0.738,0.685,0.691,0.646,0.667,0.649,0.707,0.637,0.000,0.689,0.687,0.676,0.699,0.708,0.676,0.642
0.704,0.710,0.733,0.682,0.707,0.769,0.788,0.781,0.761,0.685,0.786,0.815,0.746,0.789,0.766,0.799,0.741,0.689,0.000,0.777,0.776,0.814,0.794,0.737,0.768
0.657,0.636,0.655,0.681,0.678,0.704,0.719,0.717,0.703,0.645,0.715,0.740,0.702,0.744,0.743,0.747,0.697,0.687,0.777,0.000,0.738,0.764,0.740,0.742,0.743
0.647,0.629,0.635,0.581,0.568,0.747,0.718,0.699,0.663,0.585,0.804,0.777,0.685,0.714,0.701,0.846,0.818,0.676,0.776,0.738,0.000,0.883,0.823,0.779,0.742
0.664,0.653,0.657,0.610,0.609,0.754,0.742,0.717,0.703,0.629,0.801,0.791,0.720,0.755,0.738,0.852,0.779,0.699,0.814,0.764,0.883,0.000,0.852,0.786,0.796
0.624,0.602,0.625,0.591,0.588,0.698,0.698,0.687,0.671,0.650,0.744,0.748,0.681,0.724,0.726,0.791,0.729,0.708,0.794,0.740,0.823,0.852,0.000,0.828,0.775
0.554,0.559,0.567,0.585,0.548,0.642,0.632,0.632,0.617,0.624,0.675,0.694,0.644,0.668,0.701,0.727,0.683,0.676,0.737,0.742,0.779,0.786,0.828,0.000,0.733
0.578,0.567,0.591,0.568,0.586,0.622,0.648,0.654,0.661,0.605,0.666,0.705,0.660,0.703,0.716,0.736,0.695,0.642,0.768,0.743,0.742,0.796,0.775,0.733,0.000

0.000,-0.055,0.000,-0.069,0.000,0.000,0.000,0.000,0.000,-0.069,-0.068,0.000,0.039,0.000,-0.085,0.000,-0.102,0.000,0.000,-0.044,-0.040,-0.048,-0.038,0.000,0.000
0.000,-0.071,0.000,-0.050,0.000,0.000,0.000,0.000,0.000,-0.071,-0.070,0.000,0.000,0.000,-0.092,0.000,0.266,0.000,-0.033,-0.051,0.230,-0.055,-0.069,-0.048,0.000
0.000,-0.034,0.000,0.000,0.000,0.000,0.000,0.051,0.000,-0.052,0.284,0.000,0.059,0.043,0.360,0.000,0.000,0.000,0.000,0.000,-0.032,-0.035,-0.031,-0.049,0.000
0.000,-0.053,0.000,0.000,0.000,-0.041,0.000,0.000,0.000,0.226,-0.061,0.000,0.000,0.000,-0.060,-0.032,-0.062,-0.135,0.000,0.000,-0.070,-0.055,0.209,0.164,0.000
0.000,0.294,0.000,0.000,0.000,-0.036,0.000,0.036,0.000,-0.056,-0.060,0.000,0.044,0.034,-0.054,0.000,-0.054,0.000,0.000,0.000,-0.043,-0.041,-0.058,0.000,0.000
0.000,0.000,0.000,-0.087,0.000,0.042,0.000,0.037,0.000,0.000,0.000,0.000,0.000,0.032,-0.080,0.000,-0.047,0.000,0.000,-0.061,-0.068,-0.033,0.000,-0.070,0.000
0.056,0.000,0.000,0.000,0.051,0.037,0.066,0.062,0.000,0.000,0.000,0.000,0.062,0.051,-0.034,0.000,0.000,0.000,0.000,0.000,-0.047,0.000,0.000,0.000,0.000
0.000,0.000,0.000,0.000,0.000,0.000,0.000,0.050,0.037,0.000,0.000,0.000,0.051,0.056,0.000,0.000,-0.038,0.000,0.000,0.000,0.000,0.000,0.000,0.000,0.000
0.000,-0.060,0.000,0.000,0.000,-0.054,0.000,0.039,0.000,0.000,-0.084,0.000,0.034,0.039,-0.050,0.000,-0.056,0.000,0.000,0.000,-0.057,-0.035,0.000,0.000,0.037
0.000,-0.061,0.000,0.000,0.000,-0.050,0.000,0.000,0.000,-0.135,-0.050,0.000,-0.041,0.000,-0.037,-0.034,0.000,0.000,0.000,0.000,-0.049,-0.057,0.000,-0.043,0.000
0.000,0.000,0.000,-0.081,0.000,0.047,0.000,0.045,0.000,0.000,0.000,0.000,0.061,0.038,-0.040,0.000,-0.088,0.257,0.000,-0.053,-0.065,0.000,0.000,0.000,0.000
0.000,0.000,0.000,-0.049,0.000,0.000,0.000,0.034,0.000,0.000,-0.034,0.000,0.042,0.000,-0.042,0.000,-0.032,0.000,0.000,-0.050,-0.083,-0.045,-0.037,0.199,0.000
0.000,-0.033,0.000,-0.031,0.000,-0.041,0.000,0.000,0.000,0.000,-0.040,0.000,0.000,0.000,-0.040,0.000,-0.050,0.000,0.000,0.000,-0.069,-0.044,-0.044,-0.054,0.000
0.000,-0.032,0.000,0.000,0.000,0.000,0.000,0.041,0.000,0.000,0.000,0.000,0.032,0.054,0.000,0.000,0.000,0.000,0.053,0.031,0.000,0.000,0.000,0.000,0.043
0.000,0.000,0.000,0.041,0.000,0.000,0.000,0.039,0.035,0.000,0.000,0.000,0.000,0.040,0.000,0.000,-0.054,0.000,0.000,0.000,-0.071,-0.034,0.000,-0.048,0.000
0.039,0.000,0.066,0.468,0.037,0.057,0.000,0.056,0.037,0.045,0.000,0.063,0.073,0.058,0.000,0.035,0.000,0.000,0.000,0.332,0.000,0.000,0.000,0.000,0.000
0.000,-0.031,0.000,0.000,0.000,0.000,0.000,0.000,0.000,0.000,0.000,0.000,0.000,0.000,0.000,0.000,0.245,0.000,0.000,0.000,-0.092,0.000,0.000,-0.040,0.000
0.000,0.000,0.000,0.000,0.000,0.000,0.000,0.000,0.000,0.246,0.000,0.000,-0.033,0.000,0.000,0.000,0.000,0.161,0.000,0.000,-0.035,0.000,0.000,0.000,0.000
0.000,0.000,0.000,0.000,0.000,0.353,0.000,0.040,0.049,0.000,0.000,0.000,0.000,0.033,0.000,0.000,0.000,-0.047,0.000,0.000,-0.036,0.000,0.000,0.283,0.000
0.000,0.000,0.000,0.000,0.000,0.000,0.000,0.000,0.000,0.000,0.000,0.000,0.000,0.000,0.000,0.000,0.000,0.408,0.000,0.000,-0.038,0.000,-0.031,-0.037,0.000
0.064,0.110,0.037,-0.108,0.000,0.077,0.078,0.064,0.034,0.065,0.084,0.044,0.000,0.037,0.000,0.074,-0.035,0.000,0.000,-0.080,0.200,0.040,0.000,0.000,0.000
0.065,0.079,0.063,-0.042,0.060,0.044,0.063,0.089,0.081,0.078,0.068,0.071,0.033,0.130,0.124,0.072,0.051,0.000,0.099,-0.040,0.000,0.038,0.120,-0.037,0.084
0.000,0.000,0.000,0.000,0.000,0.000,0.000,0.000,0.000,0.034,0.000,0.000,-0.064,0.000,0.000,0.000,0.000,-0.057,0.000,0.000,0.000,0.000,0.000,0.000,0.000
0.000,0.000,0.000,0.000,0.000,0.000,0.000,0.000,0.000,0.046,0.000,0.000,0.325,0.000,0.033,0.000,0.000,0.000,0.000,0.000,0.000,0.000,0.000,0.000,0.000
0.000,0.000,0.000,0.036,0.060,-0.059,0.000,0.048,0.035,0.065,0.000,0.000,0.000,0.051,0.000,0.000,0.048,-0.065,0.000,0.036,0.000,0.000,0.000,-0.058,0.000
